lc-only/18_121.mp4,[0 1 0]
lc-only/25_134.mp4,[0 1 0]
lc-only/251_593.mp4,[0 0 1]
lc-only/478_1043.mp4,[0 0 1]
lc-only/707_1122.mp4,[0 0 1]
lc-only/1035_1321.mp4,[0 0 1]
lc-only/1229_1642.mp4,[0 0 1]
lc-only/1528_1821.mp4,[0 0 1]
lc-only/1627_2060.mp4,[0 1 0]
lc-only/2020_2302.mp4,[0 0 1]
lc-only/2020_2702.mp4,[0 1 0]
lc-only/2020_3036.mp4,[0 1 0]
lc-only/2649_3166.mp4,[0 0 1]
lc-only/2020_3212.mp4,[0 0 1]
lc-only/2020_3472.mp4,[0 1 0]
lc-only/4173_5036.mp4,[0 0 1]
lc-only/3571_5086.mp4,[0 0 1]
lc-only/5042_6084.mp4,[0 1 0]
lc-only/5042_6197.mp4,[0 0 1]
lc-only/5042_6892.mp4,[0 1 0]
lc-only/10238_11659.mp4,[0 1 0]
lc-only/10327_11678.mp4,[0 1 0]
lc-only/10327_11783.mp4,[0 0 1]
lc-only/10355_11806.mp4,[0 1 0]
lc-only/10520_11924.mp4,[0 1 0]
lc-only/10485_12116.mp4,[0 0 1]
lc-only/10520_12285.mp4,[0 0 1]
lc-only/11030_13030.mp4,[0 1 0]
lc-only/11574_13134.mp4,[0 1 0]
lc-only/15_218.mp4,[0 1 0]
lc-only/15_559.mp4,[0 0 1]
lc-only/632_668.mp4,[0 0 1]
lc-only/876_1039.mp4,[0 0 1]
lc-only/876_1066.mp4,[0 0 1]
lc-only/2213_1978.mp4,[0 1 0]
lc-only/2299_2044.mp4,[0 0 1]
lc-only/2494_2193.mp4,[0 0 1]
lc-only/2810_2591.mp4,[0 1 0]
lc-only/3630_3479.mp4,[0 1 0]
lc-only/3807_3929.mp4,[0 1 0]
lc-only/4588_4708.mp4,[0 0 1]
lc-only/4791_4969.mp4,[0 1 0]
lc-only/4781_4981.mp4,[0 1 0]
lc-only/5150_5313.mp4,[0 1 0]
lc-only/5356_5684.mp4,[0 1 0]
lc-only/5685_5829.mp4,[0 0 1]
lc-only/5702_5834.mp4,[0 0 1]
lc-only/3041_2896.mp4,[0 0 1]
lc-only/3330_3336.mp4,[0 0 1]
lc-only/3866_3709.mp4,[0 0 1]
lc-only/3861_3843.mp4,[0 0 1]
lc-only/4056_4260.mp4,[0 0 1]
lc-only/4799_4632.mp4,[0 0 1]
lc-only/4894_4640.mp4,[0 0 1]
lc-only/4982_4690.mp4,[0 0 1]
lc-only/4783_4719.mp4,[0 0 1]
lc-only/5537_5261.mp4,[0 1 0]
lc-only/5491_5301.mp4,[0 0 1]
lc-only/5921_5726.mp4,[0 0 1]
lc-only/6106_5761.mp4,[0 0 1]
lc-only/6415_6056.mp4,[0 1 0]
lc-only/6400_6075.mp4,[0 1 0]
lc-only/6363_6101.mp4,[0 1 0]
lc-only/6607_6183.mp4,[0 1 0]
lc-only/6607_6292.mp4,[0 1 0]
lc-only/6918_6406.mp4,[0 1 0]
lc-only/7084_6571.mp4,[0 1 0]
lc-only/7699_7166.mp4,[0 0 1]
lc-only/7386_7375.mp4,[0 0 1]
lc-only/8085_7786.mp4,[0 0 1]
lc-only/8325_7967.mp4,[0 0 1]
lc-only/9517_10559.mp4,[0 1 0]
lc-only/3377_4421.mp4,[0 1 0]
lc-only/4060_5122.mp4,[0 0 1]
lc-only/4060_5590.mp4,[0 1 0]
lc-only/5464_6223.mp4,[0 0 1]
lc-only/5524_6249.mp4,[0 1 0]
lc-only/5647_6341.mp4,[0 1 0]
lc-only/6255_6930.mp4,[0 1 0]
lc-only/6255_7159.mp4,[0 0 1]
lc-only/6458_7201.mp4,[0 0 1]
lc-only/6458_7452.mp4,[0 1 0]
lc-only/6909_7603.mp4,[0 1 0]
lc-only/8035_8786.mp4,[0 0 1]
lc-only/8846_9431.mp4,[0 0 1]
lc-only/8852_9434.mp4,[0 0 1]
lc-only/9412_10194.mp4,[0 1 0]
lc-only/9593_10966.mp4,[0 1 0]
lc-only/9934_11846.mp4,[0 1 0]
lc-only/9934_11871.mp4,[0 0 1]
lc-only/9973_11997.mp4,[0 0 1]
lc-only/10202_12297.mp4,[0 0 1]
lc-only/10373_12500.mp4,[0 0 1]
lc-only/10623_13191.mp4,[0 1 0]
lc-only/10623_13297.mp4,[0 0 1]
lc-only/10749_13738.mp4,[0 1 0]
lc-only/10749_13811.mp4,[0 1 0]
lc-only/10801_13959.mp4,[0 0 1]
lc-only/10801_14205.mp4,[0 1 0]
lc-only/10951_14484.mp4,[0 1 0]
lc-only/11829_17170.mp4,[0 1 0]
lc-only/12610_18313.mp4,[0 0 1]
lc-only/13029_18430.mp4,[0 0 1]
lc-only/13029_18572.mp4,[0 1 0]
lc-only/13622_19098.mp4,[0 1 0]
lc-only/13622_19169.mp4,[0 0 1]
lc-only/13809_19442.mp4,[0 1 0]
lc-only/13960_20067.mp4,[0 0 1]
lc-only/14178_20164.mp4,[0 0 1]
lc-only/14265_20202.mp4,[0 0 1]
lc-only/3377_4421.mp4,[0 1 0]
lc-only/4060_5122.mp4,[0 0 1]
lc-only/4060_5590.mp4,[0 1 0]
lc-only/5464_6223.mp4,[0 0 1]
lc-only/5524_6249.mp4,[0 1 0]
lc-only/5647_6341.mp4,[0 1 0]
lc-only/6255_6930.mp4,[0 1 0]
lc-only/6255_7159.mp4,[0 0 1]
lc-only/6458_7201.mp4,[0 0 1]
lc-only/6458_7452.mp4,[0 1 0]
lc-only/6909_7603.mp4,[0 1 0]
lc-only/8035_8786.mp4,[0 0 1]
lc-only/8846_9431.mp4,[0 0 1]
lc-only/8852_9434.mp4,[0 0 1]
lc-only/9412_10194.mp4,[0 1 0]
lc-only/9593_10966.mp4,[0 1 0]
lc-only/9934_11846.mp4,[0 1 0]
lc-only/9934_11871.mp4,[0 0 1]
lc-only/9973_11997.mp4,[0 0 1]
lc-only/10202_12297.mp4,[0 0 1]
lc-only/10373_12500.mp4,[0 0 1]
lc-only/10623_13191.mp4,[0 1 0]
lc-only/10623_13297.mp4,[0 0 1]
lc-only/10749_13738.mp4,[0 1 0]
lc-only/10749_13811.mp4,[0 1 0]
lc-only/10801_13959.mp4,[0 0 1]
lc-only/10801_14205.mp4,[0 1 0]
lc-only/10951_14484.mp4,[0 1 0]
lc-only/11829_17170.mp4,[0 1 0]
lc-only/12610_18313.mp4,[0 0 1]
lc-only/13029_18430.mp4,[0 0 1]
lc-only/13029_18572.mp4,[0 1 0]
lc-only/13622_19098.mp4,[0 1 0]
lc-only/13622_19169.mp4,[0 0 1]
lc-only/13809_19442.mp4,[0 1 0]
lc-only/13960_20067.mp4,[0 0 1]
lc-only/14178_20164.mp4,[0 0 1]
lc-only/14265_20202.mp4,[0 0 1]
lc-only/704_2726.mp4,[0 1 0]
lc-only/747_2819.mp4,[0 1 0]
lc-only/841_2940.mp4,[0 0 1]
lc-only/747_2984.mp4,[0 0 1]
lc-only/1087_3501.mp4,[0 0 1]
lc-only/1087_3662.mp4,[0 0 1]
lc-only/3353_5541.mp4,[0 0 1]
lc-only/3353_5766.mp4,[0 0 1]
lc-only/4151_6211.mp4,[0 1 0]
lc-only/4520_6879.mp4,[0 0 1]
lc-only/4690_7216.mp4,[0 1 0]
lc-only/4740_7291.mp4,[0 0 1]
lc-only/5379_8624.mp4,[0 0 1]
lc-only/5532_8926.mp4,[0 0 1]
lc-only/5967_9607.mp4,[0 0 1]
lc-only/6598_10461.mp4,[0 0 1]
lc-only/6598_10706.mp4,[0 0 1]
lc-only/7104_11108.mp4,[0 1 0]
lc-only/7435_12279.mp4,[0 1 0]
lc-only/8099_12737.mp4,[0 1 0]
lc-only/8912_13505.mp4,[0 0 1]
lc-only/8805_13620.mp4,[0 0 1]
lc-only/10252_14767.mp4,[0 1 0]
lc-only/10980_15660.mp4,[0 0 1]
lc-only/11340_16077.mp4,[0 0 1]
lc-only/11504_16156.mp4,[0 0 1]
lc-only/12034_16619.mp4,[0 0 1]
lc-only/12034_16695.mp4,[0 1 0]
lc-only/12172_16730.mp4,[0 1 0]
lc-only/12172_16946.mp4,[0 0 1]
lc-only/12312_16998.mp4,[0 0 1]
lc-only/12628_17346.mp4,[0 1 0]
lc-only/1045_1402.mp4,[0 1 0]
lc-only/1045_1564.mp4,[0 0 1]
lc-only/1472_1693.mp4,[0 0 1]
lc-only/2341_2301.mp4,[0 0 1]
lc-only/2673_2568.mp4,[0 0 1]
lc-only/2785_2694.mp4,[0 0 1]
lc-only/3051_2911.mp4,[0 0 1]
lc-only/3190_3058.mp4,[0 1 0]
lc-only/2686_4810.mp4,[0 1 0]
lc-only/3006_5303.mp4,[0 1 0]
lc-only/2538_5600.mp4,[0 0 1]
lc-only/3503_5789.mp4,[0 0 1]
lc-only/3639_5925.mp4,[0 0 1]
lc-only/3503_5978.mp4,[0 0 1]
lc-only/4407_6511.mp4,[0 1 0]
lc-only/4583_6627.mp4,[0 1 0]
lc-only/4630_6704.mp4,[0 1 0]
lc-only/4859_7320.mp4,[0 1 0]
lc-only/4859_7648.mp4,[0 1 0]
lc-only/5564_7738.mp4,[0 1 0]
lc-only/5560_7756.mp4,[0 0 1]
lc-only/5710_7833.mp4,[0 0 1]
lc-only/5801_7915.mp4,[0 0 1]
lc-only/5993_8112.mp4,[0 1 0]
lc-only/6028_8154.mp4,[0 1 0]
lc-only/5991_8153.mp4,[0 1 0]
lc-only/6158_8246.mp4,[0 1 0]
lc-only/6252_8324.mp4,[0 1 0]
lc-only/6859_8885.mp4,[0 1 0]
lc-only/6931_9034.mp4,[0 0 1]
lc-only/6921_9258.mp4,[0 1 0]
lc-only/7243_9477.mp4,[0 0 1]
lc-only/7122_9471.mp4,[0 0 1]
lc-only/7424_9738.mp4,[0 0 1]
lc-only/7461_9837.mp4,[0 1 0]
lc-only/7875_10141.mp4,[0 0 1]
lc-only/7931_10223.mp4,[0 0 1]
lc-only/7999_10252.mp4,[0 0 1]
lc-only/8487_10811.mp4,[0 0 1]
lc-only/8780_10946.mp4,[0 0 1]
lc-only/10432_12150.mp4,[0 1 0]
lc-only/10522_12344.mp4,[0 0 1]
lc-only/10662_12452.mp4,[0 0 1]
lc-only/11093_12778.mp4,[0 0 1]
lc-only/11214_12895.mp4,[0 0 1]
lc-only/11523_13135.mp4,[0 0 1]
lc-only/13543_14738.mp4,[0 1 0]
lc-only/14076_15062.mp4,[0 1 0]
lc-only/14176_15160.mp4,[0 1 0]
lc-only/14160_15160.mp4,[0 0 1]
lc-only/15228_15881.mp4,[0 0 1]
lc-only/16570_16716.mp4,[0 1 0]
lc-only/16872_16955.mp4,[0 1 0]
lc-only/16872_17046.mp4,[0 1 0]
lc-only/17037_17152.mp4,[0 1 0]
lc-only/16915_17211.mp4,[0 1 0]
lc-only/17051_17273.mp4,[0 1 0]
lc-only/17249_17392.mp4,[0 1 0]
lc-only/17227_17406.mp4,[0 1 0]
lc-only/17404_17718.mp4,[0 1 0]
lc-only/17227_17809.mp4,[0 1 0]
lc-only/17619_17850.mp4,[0 0 1]
lc-only/17933_18040.mp4,[0 1 0]
lc-only/18374_18422.mp4,[0 1 0]
lc-only/18374_18502.mp4,[0 1 0]
lc-only/19048_19260.mp4,[0 1 0]
lc-only/20822_20123.mp4,[0 0 1]
lc-only/20299_20284.mp4,[0 0 1]
lc-only/20822_20258.mp4,[0 0 1]
lc-only/21291_20641.mp4,[0 1 0]
lc-only/21416_20663.mp4,[0 0 1]
lc-only/21477_20749.mp4,[0 1 0]
lc-only/21466_20780.mp4,[0 1 0]
lc-only/21510_20788.mp4,[0 0 1]
lc-only/21510_20981.mp4,[0 1 0]
lc-only/21926_21076.mp4,[0 1 0]
lc-only/22032_21099.mp4,[0 0 1]
lc-only/21966_21214.mp4,[0 1 0]
lc-only/22032_21188.mp4,[0 0 1]
lc-only/18_121.mp4,[0 1 0]
lc-only/25_134.mp4,[0 1 0]
lc-only/251_593.mp4,[0 0 1]
lc-only/478_1043.mp4,[0 0 1]
lc-only/707_1122.mp4,[0 0 1]
lc-only/1035_1321.mp4,[0 0 1]
lc-only/1229_1642.mp4,[0 0 1]
lc-only/1528_1821.mp4,[0 0 1]
lc-only/1627_2060.mp4,[0 1 0]
lc-only/2020_2302.mp4,[0 0 1]
lc-only/2020_2702.mp4,[0 1 0]
lc-only/2020_3036.mp4,[0 1 0]
lc-only/2649_3166.mp4,[0 0 1]
lc-only/2020_3212.mp4,[0 0 1]
lc-only/2020_3472.mp4,[0 1 0]
lc-only/4173_5036.mp4,[0 0 1]
lc-only/3571_5086.mp4,[0 0 1]
lc-only/5042_6084.mp4,[0 1 0]
lc-only/5042_6197.mp4,[0 0 1]
lc-only/5042_6892.mp4,[0 1 0]
lc-only/10238_11659.mp4,[0 1 0]
lc-only/10327_11678.mp4,[0 1 0]
lc-only/10327_11783.mp4,[0 0 1]
lc-only/10355_11806.mp4,[0 1 0]
lc-only/10520_11924.mp4,[0 1 0]
lc-only/10485_12116.mp4,[0 0 1]
lc-only/10520_12285.mp4,[0 0 1]
lc-only/11030_13030.mp4,[0 1 0]
lc-only/11574_13134.mp4,[0 1 0]
lc-only/11574_13761.mp4,[0 1 0]
lc-only/12133_13828.mp4,[0 1 0]
lc-only/12304_13963.mp4,[0 1 0]
lc-only/13099_14578.mp4,[0 0 1]
lc-only/13135_14758.mp4,[0 0 1]
lc-only/13819_15127.mp4,[0 1 0]
lc-only/13819_15261.mp4,[0 0 1]
lc-only/14040_15289.mp4,[0 0 1]
lc-only/13819_15422.mp4,[0 1 0]
lc-only/13819_15508.mp4,[0 0 1]
lc-only/14910_16257.mp4,[0 1 0]
lc-only/14924_16534.mp4,[0 0 1]
lc-only/15141_16508.mp4,[0 1 0]
lc-only/15164_16582.mp4,[0 0 1]
lc-only/15411_16615.mp4,[0 0 1]
lc-only/15686_16948.mp4,[0 1 0]
lc-only/15872_17043.mp4,[0 0 1]
lc-only/15872_17135.mp4,[0 1 0]
lc-only/15686_17242.mp4,[0 1 0]
lc-only/16103_17371.mp4,[0 0 1]
lc-only/16276_17404.mp4,[0 0 1]
lc-only/16456_17850.mp4,[0 1 0]
lc-only/16996_17892.mp4,[0 1 0]
lc-only/16996_17997.mp4,[0 1 0]
lc-only/17748_18720.mp4,[0 0 1]
lc-only/17784_18808.mp4,[0 0 1]
lc-only/17784_18960.mp4,[0 0 1]
lc-only/18087_19060.mp4,[0 0 1]
lc-only/17784_19134.mp4,[0 1 0]
lc-only/18640_19557.mp4,[0 1 0]
lc-only/18810_19779.mp4,[0 0 1]
lc-only/19149_19872.mp4,[0 0 1]
lc-only/19181_19913.mp4,[0 1 0]
lc-only/19181_20013.mp4,[0 0 1]
lc-only/19821_20465.mp4,[0 0 1]
lc-only/19821_20817.mp4,[0 1 0]
lc-only/20040_21037.mp4,[0 1 0]
lc-only/20040_21153.mp4,[0 0 1]
lc-only/20270_21217.mp4,[0 0 1]
lc-only/20463_21494.mp4,[0 0 1]
lc-only/20463_21578.mp4,[0 1 0]
lc-only/20532_21618.mp4,[0 0 1]
lc-only/20647_21768.mp4,[0 0 1]
lc-only/21298_22443.mp4,[0 0 1]
lc-only/21531_22701.mp4,[0 0 1]
lc-only/21561_22766.mp4,[0 0 1]
lc-only/21596_22834.mp4,[0 0 1]
lc-only/22025_23318.mp4,[0 0 1]
lc-only/22136_23545.mp4,[0 0 1]
lc-only/23304_25310.mp4,[0 0 1]
lc-only/23923_25709.mp4,[0 0 1]
lc-only/24302_26116.mp4,[0 1 0]
lc-only/24344_26152.mp4,[0 1 0]
lc-only/24239_26185.mp4,[0 0 1]
lc-only/24239_26431.mp4,[0 1 0]
lc-only/24761_26549.mp4,[0 0 1]
lc-only/24761_26682.mp4,[0 1 0]
lc-only/24761_26971.mp4,[0 1 0]
lc-only/25284_27120.mp4,[0 1 0]
lc-only/25501_27691.mp4,[0 1 0]
lc-only/25555_27819.mp4,[0 0 1]
lc-only/25670_28095.mp4,[0 0 1]
lc-only/25880_28507.mp4,[0 1 0]
lc-only/26182_29130.mp4,[0 1 0]
lc-only/27248_30438.mp4,[0 0 1]
lc-only/15_218.mp4,[0 1 0]
lc-only/15_559.mp4,[0 0 1]
lc-only/632_668.mp4,[0 0 1]
lc-only/876_1039.mp4,[0 0 1]
lc-only/876_1066.mp4,[0 0 1]
lc-only/2213_1978.mp4,[0 1 0]
lc-only/2299_2044.mp4,[0 0 1]
lc-only/2494_2193.mp4,[0 0 1]
lc-only/2810_2591.mp4,[0 1 0]
lc-only/3630_3479.mp4,[0 1 0]
lc-only/3807_3929.mp4,[0 1 0]
lc-only/4588_4708.mp4,[0 0 1]
lc-only/4791_4969.mp4,[0 1 0]
lc-only/4781_4981.mp4,[0 1 0]
lc-only/5150_5313.mp4,[0 1 0]
lc-only/5356_5684.mp4,[0 1 0]
lc-only/5685_5829.mp4,[0 0 1]
lc-only/5702_5834.mp4,[0 0 1]
lc-only/7569_8274.mp4,[0 1 0]
lc-only/8183_8400.mp4,[0 1 0]
lc-only/7569_8433.mp4,[0 0 1]
lc-only/8337_8547.mp4,[0 1 0]
lc-only/10823_10433.mp4,[0 0 1]
lc-only/10823_10480.mp4,[0 1 0]
lc-only/10823_10553.mp4,[0 0 1]
lc-only/11377_10633.mp4,[0 1 0]
lc-only/11425_10681.mp4,[0 0 1]
lc-only/11441_10905.mp4,[0 1 0]
lc-only/11474_10926.mp4,[0 1 0]
lc-only/12424_11524.mp4,[0 1 0]
lc-only/12368_11518.mp4,[0 1 0]
lc-only/3041_2896.mp4,[0 0 1]
lc-only/3330_3336.mp4,[0 0 1]
lc-only/3866_3709.mp4,[0 0 1]
lc-only/3861_3843.mp4,[0 0 1]
lc-only/4056_4260.mp4,[0 0 1]
lc-only/4799_4632.mp4,[0 0 1]
lc-only/4894_4640.mp4,[0 0 1]
lc-only/4982_4690.mp4,[0 0 1]
lc-only/4783_4719.mp4,[0 0 1]
lc-only/5537_5261.mp4,[0 1 0]
lc-only/5491_5301.mp4,[0 0 1]
lc-only/5921_5726.mp4,[0 0 1]
lc-only/6106_5761.mp4,[0 0 1]
lc-only/6415_6056.mp4,[0 1 0]
lc-only/6400_6075.mp4,[0 1 0]
lc-only/6363_6101.mp4,[0 1 0]
lc-only/6607_6183.mp4,[0 1 0]
lc-only/6607_6292.mp4,[0 1 0]
lc-only/6918_6406.mp4,[0 1 0]
lc-only/7084_6571.mp4,[0 1 0]
lc-only/7699_7166.mp4,[0 0 1]
lc-only/7386_7375.mp4,[0 0 1]
lc-only/8085_7786.mp4,[0 0 1]
lc-only/8325_7967.mp4,[0 0 1]
lc-only/9517_10559.mp4,[0 1 0]
lc-only/9743_10763.mp4,[0 0 1]
lc-only/10241_11500.mp4,[0 0 1]
lc-only/10508_11965.mp4,[0 0 1]
lc-only/10574_12247.mp4,[0 0 1]
lc-only/11133_13686.mp4,[0 1 0]
lc-only/11277_13948.mp4,[0 0 1]
lc-only/11284_14081.mp4,[0 1 0]
lc-only/11977_16016.mp4,[0 1 0]
lc-only/11977_16138.mp4,[0 1 0]
lc-only/12524_17280.mp4,[0 0 1]
lc-only/3377_4421.mp4,[0 1 0]
lc-only/4060_5122.mp4,[0 0 1]
lc-only/4060_5590.mp4,[0 1 0]
lc-only/5464_6223.mp4,[0 0 1]
lc-only/5524_6249.mp4,[0 1 0]
lc-only/5647_6341.mp4,[0 1 0]
lc-only/6255_6930.mp4,[0 1 0]
lc-only/6255_7159.mp4,[0 0 1]
lc-only/6458_7201.mp4,[0 0 1]
lc-only/6458_7452.mp4,[0 1 0]
lc-only/6909_7603.mp4,[0 1 0]
lc-only/8035_8786.mp4,[0 0 1]
lc-only/8846_9431.mp4,[0 0 1]
lc-only/8852_9434.mp4,[0 0 1]
lc-only/9412_10194.mp4,[0 1 0]
lc-only/9593_10966.mp4,[0 1 0]
lc-only/9934_11846.mp4,[0 1 0]
lc-only/9934_11871.mp4,[0 0 1]
lc-only/9973_11997.mp4,[0 0 1]
lc-only/10202_12297.mp4,[0 0 1]
lc-only/10373_12500.mp4,[0 0 1]
lc-only/10623_13191.mp4,[0 1 0]
lc-only/10623_13297.mp4,[0 0 1]
lc-only/10749_13738.mp4,[0 1 0]
lc-only/10749_13811.mp4,[0 1 0]
lc-only/10801_13959.mp4,[0 0 1]
lc-only/10801_14205.mp4,[0 1 0]
lc-only/10951_14484.mp4,[0 1 0]
lc-only/11829_17170.mp4,[0 1 0]
lc-only/12610_18313.mp4,[0 0 1]
lc-only/13029_18430.mp4,[0 0 1]
lc-only/13029_18572.mp4,[0 1 0]
lc-only/13622_19098.mp4,[0 1 0]
lc-only/13622_19169.mp4,[0 0 1]
lc-only/13809_19442.mp4,[0 1 0]
lc-only/13960_20067.mp4,[0 0 1]
lc-only/14178_20164.mp4,[0 0 1]
lc-only/14265_20202.mp4,[0 0 1]
lc-only/3377_4421.mp4,[0 1 0]
lc-only/4060_5122.mp4,[0 0 1]
lc-only/4060_5590.mp4,[0 1 0]
lc-only/5464_6223.mp4,[0 0 1]
lc-only/5524_6249.mp4,[0 1 0]
lc-only/5647_6341.mp4,[0 1 0]
lc-only/6255_6930.mp4,[0 1 0]
lc-only/6255_7159.mp4,[0 0 1]
lc-only/6458_7201.mp4,[0 0 1]
lc-only/6458_7452.mp4,[0 1 0]
lc-only/6909_7603.mp4,[0 1 0]
lc-only/8035_8786.mp4,[0 0 1]
lc-only/8846_9431.mp4,[0 0 1]
lc-only/8852_9434.mp4,[0 0 1]
lc-only/9412_10194.mp4,[0 1 0]
lc-only/9593_10966.mp4,[0 1 0]
lc-only/9934_11846.mp4,[0 1 0]
lc-only/9934_11871.mp4,[0 0 1]
lc-only/9973_11997.mp4,[0 0 1]
lc-only/10202_12297.mp4,[0 0 1]
lc-only/10373_12500.mp4,[0 0 1]
lc-only/10623_13191.mp4,[0 1 0]
lc-only/10623_13297.mp4,[0 0 1]
lc-only/10749_13738.mp4,[0 1 0]
lc-only/10749_13811.mp4,[0 1 0]
lc-only/10801_13959.mp4,[0 0 1]
lc-only/10801_14205.mp4,[0 1 0]
lc-only/10951_14484.mp4,[0 1 0]
lc-only/11829_17170.mp4,[0 1 0]
lc-only/12610_18313.mp4,[0 0 1]
lc-only/13029_18430.mp4,[0 0 1]
lc-only/13029_18572.mp4,[0 1 0]
lc-only/13622_19098.mp4,[0 1 0]
lc-only/13622_19169.mp4,[0 0 1]
lc-only/13809_19442.mp4,[0 1 0]
lc-only/13960_20067.mp4,[0 0 1]
lc-only/14178_20164.mp4,[0 0 1]
lc-only/14265_20202.mp4,[0 0 1]
lc-only/704_2726.mp4,[0 1 0]
lc-only/747_2819.mp4,[0 1 0]
lc-only/841_2940.mp4,[0 0 1]
lc-only/747_2984.mp4,[0 0 1]
lc-only/1087_3501.mp4,[0 0 1]
lc-only/1087_3662.mp4,[0 0 1]
lc-only/3353_5541.mp4,[0 0 1]
lc-only/3353_5766.mp4,[0 0 1]
lc-only/4151_6211.mp4,[0 1 0]
lc-only/4520_6879.mp4,[0 0 1]
lc-only/4690_7216.mp4,[0 1 0]
lc-only/4740_7291.mp4,[0 0 1]
lc-only/5379_8624.mp4,[0 0 1]
lc-only/5532_8926.mp4,[0 0 1]
lc-only/5967_9607.mp4,[0 0 1]
lc-only/6598_10461.mp4,[0 0 1]
lc-only/6598_10706.mp4,[0 0 1]
lc-only/7104_11108.mp4,[0 1 0]
lc-only/7435_12279.mp4,[0 1 0]
lc-only/8099_12737.mp4,[0 1 0]
lc-only/8912_13505.mp4,[0 0 1]
lc-only/8805_13620.mp4,[0 0 1]
lc-only/10252_14767.mp4,[0 1 0]
lc-only/10980_15660.mp4,[0 0 1]
lc-only/11340_16077.mp4,[0 0 1]
lc-only/11504_16156.mp4,[0 0 1]
lc-only/12034_16619.mp4,[0 0 1]
lc-only/12034_16695.mp4,[0 1 0]
lc-only/12172_16730.mp4,[0 1 0]
lc-only/12172_16946.mp4,[0 0 1]
lc-only/12312_16998.mp4,[0 0 1]
lc-only/12628_17346.mp4,[0 1 0]
lc-only/1045_1402.mp4,[0 1 0]
lc-only/1045_1564.mp4,[0 0 1]
lc-only/1472_1693.mp4,[0 0 1]
lc-only/2341_2301.mp4,[0 0 1]
lc-only/2673_2568.mp4,[0 0 1]
lc-only/2785_2694.mp4,[0 0 1]
lc-only/3051_2911.mp4,[0 0 1]
lc-only/3190_3058.mp4,[0 1 0]
lc-only/3190_3149.mp4,[0 1 0]
lc-only/3179_3157.mp4,[0 0 1]
lc-only/4793_5189.mp4,[0 1 0]
lc-only/4793_5218.mp4,[0 0 1]
lc-only/5027_5318.mp4,[0 1 0]
lc-only/5076_5597.mp4,[0 0 1]
lc-only/5027_6197.mp4,[0 0 1]
lc-only/5813_6327.mp4,[0 0 1]
lc-only/5896_6454.mp4,[0 0 1]
lc-only/6316_6872.mp4,[0 0 1]
lc-only/7047_7681.mp4,[0 1 0]
lc-only/7170_7707.mp4,[0 1 0]
lc-only/7302_7737.mp4,[0 0 1]
lc-only/7468_7859.mp4,[0 1 0]
lc-only/7468_8251.mp4,[0 1 0]
lc-only/7816_8269.mp4,[0 0 1]
lc-only/7965_8665.mp4,[0 0 1]
lc-only/9006_9505.mp4,[0 0 1]
lc-only/9295_9744.mp4,[0 0 1]
lc-only/10406_10546.mp4,[0 0 1]
lc-only/9957_10546.mp4,[0 0 1]
lc-only/10406_10701.mp4,[0 0 1]
lc-only/10618_10766.mp4,[0 1 0]
lc-only/10650_10808.mp4,[0 0 1]
lc-only/10959_11320.mp4,[0 0 1]
lc-only/11943_11802.mp4,[0 0 1]
lc-only/10422_12308.mp4,[0 0 1]
lc-only/13359_13162.mp4,[0 0 1]
lc-only/13486_13333.mp4,[0 0 1]
lc-only/13501_13319.mp4,[0 0 1]
lc-only/13968_13792.mp4,[0 1 0]
lc-only/13861_13806.mp4,[0 1 0]
lc-only/14033_13968.mp4,[0 1 0]
lc-only/14649_14443.mp4,[0 0 1]
lc-only/14740_14518.mp4,[0 0 1]
lc-only/14651_14810.mp4,[0 0 1]
lc-only/15590_15254.mp4,[0 0 1]
lc-only/15637_15284.mp4,[0 0 1]
lc-only/15687_15358.mp4,[0 0 1]
lc-only/15763_15462.mp4,[0 0 1]
lc-only/15941_15622.mp4,[0 0 1]
lc-only/15941_15754.mp4,[0 0 1]
lc-only/16020_15839.mp4,[0 0 1]
lc-only/17116_16747.mp4,[0 0 1]
lc-only/18133_17538.mp4,[0 0 1]
lc-only/19018_18311.mp4,[0 0 1]
lc-only/19375_18376.mp4,[0 1 0]
lc-only/19018_18487.mp4,[0 1 0]
lc-only/19375_18522.mp4,[0 1 0]
lc-only/19602_18617.mp4,[0 1 0]
lc-only/19644_18723.mp4,[0 0 1]
lc-only/19714_18831.mp4,[0 1 0]
lc-only/19853_19024.mp4,[0 1 0]
lc-only/19853_19130.mp4,[0 1 0]
lc-only/21161_20263.mp4,[0 0 1]
lc-only/21838_21188.mp4,[0 0 1]
lc-only/22241_21219.mp4,[0 0 1]
lc-only/22725_21740.mp4,[0 1 0]
lc-only/22928_21987.mp4,[0 0 1]
lc-only/23244_22294.mp4,[0 0 1]
lc-only/23345_22392.mp4,[0 0 1]
lc-only/23244_22495.mp4,[0 0 1]
lc-only/24216_22903.mp4,[0 0 1]
lc-only/24216_23048.mp4,[0 0 1]
lc-only/24925_23501.mp4,[0 1 0]
lc-only/25386_24085.mp4,[0 0 1]
lc-only/25660_24420.mp4,[0 0 1]
lc-only/26027_24911.mp4,[0 0 1]
lc-only/26027_25200.mp4,[0 1 0]
lc-only/26301_25362.mp4,[0 0 1]
lc-only/26060_25792.mp4,[0 0 1]
lc-only/26613_25912.mp4,[0 0 1]
lc-only/26650_25998.mp4,[0 0 1]
lc-only/27019_26565.mp4,[0 0 1]
lc-only/27143_26646.mp4,[0 0 1]
lc-only/27143_26762.mp4,[0 0 1]
lc-only/27382_27053.mp4,[0 0 1]
lc-only/27414_27137.mp4,[0 0 1]
lc-only/27569_27222.mp4,[0 0 1]
lc-only/27569_27345.mp4,[0 1 0]
lc-only/28470_28318.mp4,[0 0 1]
lc-only/28630_28488.mp4,[0 0 1]
lc-only/28788_28725.mp4,[0 0 1]
lc-only/29489_29401.mp4,[0 0 1]
lc-only/29671_29592.mp4,[0 0 1]
lc-only/29774_29854.mp4,[0 1 0]
lc-only/29933_29915.mp4,[0 1 0]
lc-only/30294_30281.mp4,[0 0 1]
lc-only/30478_30539.mp4,[0 0 1]
lc-only/30540_31267.mp4,[0 0 1]
lc-only/30838_31757.mp4,[0 0 1]
lc-only/30882_31797.mp4,[0 0 1]
lc-only/31161_32524.mp4,[0 0 1]
lc-only/31279_32660.mp4,[0 1 0]
lc-only/31279_32725.mp4,[0 1 0]
lc-only/31328_32746.mp4,[0 0 1]
lc-only/31569_33018.mp4,[0 0 1]
lc-only/31759_33175.mp4,[0 0 1]
lc-only/31889_33255.mp4,[0 0 1]
lc-only/31909_33305.mp4,[0 1 0]
lc-only/2686_4810.mp4,[0 1 0]
lc-only/3006_5303.mp4,[0 1 0]
lc-only/2538_5600.mp4,[0 0 1]
lc-only/3503_5789.mp4,[0 0 1]
lc-only/3639_5925.mp4,[0 0 1]
lc-only/3503_5978.mp4,[0 0 1]
lc-only/4407_6511.mp4,[0 1 0]
lc-only/4583_6627.mp4,[0 1 0]
lc-only/4630_6704.mp4,[0 1 0]
lc-only/4859_7320.mp4,[0 1 0]
lc-only/4859_7648.mp4,[0 1 0]
lc-only/5564_7738.mp4,[0 1 0]
lc-only/5560_7756.mp4,[0 0 1]
lc-only/5710_7833.mp4,[0 0 1]
lc-only/5801_7915.mp4,[0 0 1]
lc-only/5993_8112.mp4,[0 1 0]
lc-only/6028_8154.mp4,[0 1 0]
lc-only/5991_8153.mp4,[0 1 0]
lc-only/6158_8246.mp4,[0 1 0]
lc-only/6252_8324.mp4,[0 1 0]
lc-only/6859_8885.mp4,[0 1 0]
lc-only/6931_9034.mp4,[0 0 1]
lc-only/6921_9258.mp4,[0 1 0]
lc-only/7243_9477.mp4,[0 0 1]
lc-only/7122_9471.mp4,[0 0 1]
lc-only/7424_9738.mp4,[0 0 1]
lc-only/7461_9837.mp4,[0 1 0]
lc-only/7875_10141.mp4,[0 0 1]
lc-only/7931_10223.mp4,[0 0 1]
lc-only/7999_10252.mp4,[0 0 1]
lc-only/8487_10811.mp4,[0 0 1]
lc-only/8780_10946.mp4,[0 0 1]
lc-only/10432_12150.mp4,[0 1 0]
lc-only/10522_12344.mp4,[0 0 1]
lc-only/10662_12452.mp4,[0 0 1]
lc-only/11093_12778.mp4,[0 0 1]
lc-only/11214_12895.mp4,[0 0 1]
lc-only/11523_13135.mp4,[0 0 1]
lc-only/13543_14738.mp4,[0 1 0]
lc-only/14076_15062.mp4,[0 1 0]
lc-only/14176_15160.mp4,[0 1 0]
lc-only/14160_15160.mp4,[0 0 1]
lc-only/15228_15881.mp4,[0 0 1]
lc-only/16570_16716.mp4,[0 1 0]
lc-only/16872_16955.mp4,[0 1 0]
lc-only/16872_17046.mp4,[0 1 0]
lc-only/17037_17152.mp4,[0 1 0]
lc-only/16915_17211.mp4,[0 1 0]
lc-only/17051_17273.mp4,[0 1 0]
lc-only/17249_17392.mp4,[0 1 0]
lc-only/17227_17406.mp4,[0 1 0]
lc-only/17404_17718.mp4,[0 1 0]
lc-only/17227_17809.mp4,[0 1 0]
lc-only/17619_17850.mp4,[0 0 1]
lc-only/17933_18040.mp4,[0 1 0]
lc-only/18374_18422.mp4,[0 1 0]
lc-only/18374_18502.mp4,[0 1 0]
lc-only/19048_19260.mp4,[0 1 0]
lc-only/20822_20123.mp4,[0 0 1]
lc-only/20299_20284.mp4,[0 0 1]
lc-only/20822_20258.mp4,[0 0 1]
lc-only/21291_20641.mp4,[0 1 0]
lc-only/21416_20663.mp4,[0 0 1]
lc-only/21477_20749.mp4,[0 1 0]
lc-only/21466_20780.mp4,[0 1 0]
lc-only/21510_20788.mp4,[0 0 1]
lc-only/21510_20981.mp4,[0 1 0]
lc-only/21926_21076.mp4,[0 1 0]
lc-only/22032_21099.mp4,[0 0 1]
lc-only/21966_21214.mp4,[0 1 0]
lc-only/22032_21188.mp4,[0 0 1]
lc-only/22385_21356.mp4,[0 0 1]
lc-only/22835_21579.mp4,[0 0 1]
lc-only/23646_21964.mp4,[0 0 1]
lc-only/23718_21998.mp4,[0 0 1]
lc-only/23781_22081.mp4,[0 1 0]
lc-only/23781_22203.mp4,[0 1 0]
lc-only/24007_22316.mp4,[0 0 1]
lc-only/24007_22477.mp4,[0 1 0]
lc-only/24302_22961.mp4,[0 0 1]
lc-only/24860_23377.mp4,[0 0 1]
lc-only/25139_23799.mp4,[0 0 1]
lc-only/25139_23954.mp4,[0 1 0]
lc-only/25280_24006.mp4,[0 0 1]
lc-only/25447_24568.mp4,[0 1 0]
lc-only/25832_24768.mp4,[0 0 1]
lc-only/26032_24986.mp4,[0 0 1]
lc-only/26228_25121.mp4,[0 0 1]
lc-only/26370_25283.mp4,[0 0 1]
lc-only/26603_26016.mp4,[0 1 0]
lc-only/28934_28069.mp4,[0 1 0]
lc-only/29410_28544.mp4,[0 0 1]
lc-only/29615_28664.mp4,[0 0 1]
lc-only/29773_28770.mp4,[0 0 1]
lc-only/29903_28858.mp4,[0 0 1]
lc-only/29967_29015.mp4,[0 0 1]
lc-only/30157_29117.mp4,[0 0 1]
lc-only/30157_29207.mp4,[0 1 0]
lc-only/30452_30020.mp4,[0 0 1]
lc-only/30469_30113.mp4,[0 0 1]
lc-only/30698_30461.mp4,[0 0 1]
lc-only/31084_31559.mp4,[0 1 0]
lc-only/31711_31812.mp4,[0 0 1]
lc-only/31887_31935.mp4,[0 1 0]
lc-only/882_962.mp4,[0 1 0]
lc-only/934_1006.mp4,[0 0 1]
lc-only/1277_1255.mp4,[0 0 1]
lc-only/1379_1330.mp4,[0 0 1]
lc-only/882_1428.mp4,[0 0 1]
lc-only/1510_1536.mp4,[0 1 0]
lc-only/2117_1877.mp4,[0 1 0]
lc-only/2042_1889.mp4,[0 1 0]
lc-only/2181_1939.mp4,[0 1 0]
lc-only/2214_2098.mp4,[0 1 0]
lc-only/2251_2164.mp4,[0 1 0]
lc-only/2286_2241.mp4,[0 1 0]
lc-only/2581_2268.mp4,[0 0 1]
lc-only/2643_2353.mp4,[0 0 1]
lc-only/2779_2468.mp4,[0 0 1]
lc-only/2995_2844.mp4,[0 0 1]
lc-only/2995_3029.mp4,[0 0 1]
lc-only/3811_3871.mp4,[0 0 1]
lc-only/1308_1594.mp4,[0 0 1]
lc-only/1528_1962.mp4,[0 0 1]
lc-only/1517_1970.mp4,[0 0 1]
lc-only/1476_2268.mp4,[0 0 1]
lc-only/1906_2319.mp4,[0 0 1]
lc-only/2978_3096.mp4,[0 0 1]
lc-only/4663_4676.mp4,[0 0 1]
lc-only/5334_5270.mp4,[0 1 0]
lc-only/5184_5298.mp4,[0 1 0]
lc-only/5334_5364.mp4,[0 0 1]
lc-only/6140_5797.mp4,[0 1 0]
lc-only/6947_6995.mp4,[0 1 0]
lc-only/7583_7090.mp4,[0 1 0]
lc-only/7583_7230.mp4,[0 1 0]
lc-only/7965_7430.mp4,[0 0 1]
lc-only/7583_7461.mp4,[0 0 1]
lc-only/8965_8117.mp4,[0 1 0]
lc-only/8965_8241.mp4,[0 1 0]
lc-only/8450_8353.mp4,[0 1 0]
lc-only/8450_8432.mp4,[0 0 1]
lc-only/8450_8492.mp4,[0 0 1]
lc-only/9915_9064.mp4,[0 0 1]
lc-only/9953_9136.mp4,[0 0 1]
lc-only/10446_9399.mp4,[0 0 1]
lc-only/8450_10199.mp4,[0 0 1]
lc-only/12959_11818.mp4,[0 1 0]
lc-only/12635_11905.mp4,[0 1 0]
lc-only/13290_12024.mp4,[0 0 1]
lc-only/13417_12259.mp4,[0 1 0]
lc-only/14120_12684.mp4,[0 0 1]
lc-only/13524_12719.mp4,[0 0 1]
lc-only/14331_12905.mp4,[0 0 1]
lc-only/14341_12956.mp4,[0 0 1]
lc-only/14960_13529.mp4,[0 0 1]
lc-only/15278_13924.mp4,[0 1 0]
lc-only/14782_14175.mp4,[0 0 1]
lc-only/16147_14929.mp4,[0 1 0]
lc-only/16596_15076.mp4,[0 0 1]
lc-only/16743_15268.mp4,[0 0 1]
lc-only/17819_16082.mp4,[0 0 1]
lc-only/18391_16444.mp4,[0 0 1]
lc-only/18391_16484.mp4,[0 1 0]
lc-only/18454_16477.mp4,[0 1 0]
lc-only/18484_16590.mp4,[0 1 0]
lc-only/18804_16924.mp4,[0 1 0]
lc-only/18901_17185.mp4,[0 0 1]
lc-only/19294_17296.mp4,[0 1 0]
lc-only/19294_17390.mp4,[0 0 1]
lc-only/19930_17883.mp4,[0 0 1]
lc-only/20874_18504.mp4,[0 1 0]
lc-only/20456_18523.mp4,[0 0 1]
lc-only/21004_18733.mp4,[0 0 1]
lc-only/21004_18751.mp4,[0 1 0]
lc-only/21004_18839.mp4,[0 1 0]
lc-only/21004_19098.mp4,[0 1 0]
lc-only/21552_19974.mp4,[0 0 1]
lc-only/22665_20215.mp4,[0 0 1]
lc-only/23030_20676.mp4,[0 0 1]
lc-only/22934_20694.mp4,[0 0 1]
lc-only/23658_21411.mp4,[0 1 0]
lc-only/24089_21876.mp4,[0 0 1]
lc-only/24188_22006.mp4,[0 0 1]
lc-only/24188_22114.mp4,[0 0 1]
lc-only/24021_22283.mp4,[0 1 0]
lc-only/23030_22337.mp4,[0 0 1]
lc-only/24021_22728.mp4,[0 0 1]
lc-only/25322_23113.mp4,[0 0 1]
lc-only/25531_23437.mp4,[0 0 1]
lc-only/25730_24023.mp4,[0 0 1]
lc-only/25979_24115.mp4,[0 0 1]
lc-only/25959_24225.mp4,[0 0 1]
lc-only/26107_24353.mp4,[0 0 1]
lc-only/26674_24914.mp4,[0 0 1]
lc-only/26732_25317.mp4,[0 1 0]
lc-only/27034_25328.mp4,[0 0 1]
lc-only/26732_25416.mp4,[0 0 1]
lc-only/27208_25604.mp4,[0 0 1]
lc-only/27396_25778.mp4,[0 0 1]
lc-only/27820_26188.mp4,[0 0 1]
lc-only/26732_26334.mp4,[0 1 0]
lc-only/28042_26624.mp4,[0 0 1]
lc-only/28529_27001.mp4,[0 1 0]
lc-only/28707_27223.mp4,[0 0 1]
lc-only/29060_27769.mp4,[0 1 0]
lc-only/29523_28728.mp4,[0 1 0]
lc-only/29574_28733.mp4,[0 0 1]
lc-only/30432_30115.mp4,[0 0 1]
lc-only/30432_30330.mp4,[0 0 1]
lc-only/18_121.mp4,[0 1 0]
lc-only/25_134.mp4,[0 1 0]
lc-only/251_593.mp4,[0 0 1]
lc-only/478_1043.mp4,[0 0 1]
lc-only/707_1122.mp4,[0 0 1]
lc-only/1035_1321.mp4,[0 0 1]
lc-only/1229_1642.mp4,[0 0 1]
lc-only/1528_1821.mp4,[0 0 1]
lc-only/1627_2060.mp4,[0 1 0]
lc-only/2020_2302.mp4,[0 0 1]
lc-only/2020_2702.mp4,[0 1 0]
lc-only/2020_3036.mp4,[0 1 0]
lc-only/2649_3166.mp4,[0 0 1]
lc-only/2020_3212.mp4,[0 0 1]
lc-only/2020_3472.mp4,[0 1 0]
lc-only/4173_5036.mp4,[0 0 1]
lc-only/3571_5086.mp4,[0 0 1]
lc-only/5042_6084.mp4,[0 1 0]
lc-only/5042_6197.mp4,[0 0 1]
lc-only/5042_6892.mp4,[0 1 0]
lc-only/10238_11659.mp4,[0 1 0]
lc-only/10327_11678.mp4,[0 1 0]
lc-only/10327_11783.mp4,[0 0 1]
lc-only/10355_11806.mp4,[0 1 0]
lc-only/10520_11924.mp4,[0 1 0]
lc-only/10485_12116.mp4,[0 0 1]
lc-only/10520_12285.mp4,[0 0 1]
lc-only/11030_13030.mp4,[0 1 0]
lc-only/11574_13134.mp4,[0 1 0]
lc-only/11574_13761.mp4,[0 1 0]
lc-only/12133_13828.mp4,[0 1 0]
lc-only/12304_13963.mp4,[0 1 0]
lc-only/13099_14578.mp4,[0 0 1]
lc-only/13135_14758.mp4,[0 0 1]
lc-only/13819_15127.mp4,[0 1 0]
lc-only/13819_15261.mp4,[0 0 1]
lc-only/14040_15289.mp4,[0 0 1]
lc-only/13819_15422.mp4,[0 1 0]
lc-only/13819_15508.mp4,[0 0 1]
lc-only/14910_16257.mp4,[0 1 0]
lc-only/14924_16534.mp4,[0 0 1]
lc-only/15141_16508.mp4,[0 1 0]
lc-only/15164_16582.mp4,[0 0 1]
lc-only/15411_16615.mp4,[0 0 1]
lc-only/15686_16948.mp4,[0 1 0]
lc-only/15872_17043.mp4,[0 0 1]
lc-only/15872_17135.mp4,[0 1 0]
lc-only/15686_17242.mp4,[0 1 0]
lc-only/16103_17371.mp4,[0 0 1]
lc-only/16276_17404.mp4,[0 0 1]
lc-only/16456_17850.mp4,[0 1 0]
lc-only/16996_17892.mp4,[0 1 0]
lc-only/16996_17997.mp4,[0 1 0]
lc-only/17748_18720.mp4,[0 0 1]
lc-only/17784_18808.mp4,[0 0 1]
lc-only/17784_18960.mp4,[0 0 1]
lc-only/18087_19060.mp4,[0 0 1]
lc-only/17784_19134.mp4,[0 1 0]
lc-only/18640_19557.mp4,[0 1 0]
lc-only/18810_19779.mp4,[0 0 1]
lc-only/19149_19872.mp4,[0 0 1]
lc-only/19181_19913.mp4,[0 1 0]
lc-only/19181_20013.mp4,[0 0 1]
lc-only/19821_20465.mp4,[0 0 1]
lc-only/19821_20817.mp4,[0 1 0]
lc-only/20040_21037.mp4,[0 1 0]
lc-only/20040_21153.mp4,[0 0 1]
lc-only/20270_21217.mp4,[0 0 1]
lc-only/20463_21494.mp4,[0 0 1]
lc-only/20463_21578.mp4,[0 1 0]
lc-only/20532_21618.mp4,[0 0 1]
lc-only/20647_21768.mp4,[0 0 1]
lc-only/21298_22443.mp4,[0 0 1]
lc-only/21531_22701.mp4,[0 0 1]
lc-only/21561_22766.mp4,[0 0 1]
lc-only/21596_22834.mp4,[0 0 1]
lc-only/22025_23318.mp4,[0 0 1]
lc-only/22136_23545.mp4,[0 0 1]
lc-only/23304_25310.mp4,[0 0 1]
lc-only/23923_25709.mp4,[0 0 1]
lc-only/24302_26116.mp4,[0 1 0]
lc-only/24344_26152.mp4,[0 1 0]
lc-only/24239_26185.mp4,[0 0 1]
lc-only/24239_26431.mp4,[0 1 0]
lc-only/24761_26549.mp4,[0 0 1]
lc-only/24761_26682.mp4,[0 1 0]
lc-only/24761_26971.mp4,[0 1 0]
lc-only/25284_27120.mp4,[0 1 0]
lc-only/25501_27691.mp4,[0 1 0]
lc-only/25555_27819.mp4,[0 0 1]
lc-only/25670_28095.mp4,[0 0 1]
lc-only/25880_28507.mp4,[0 1 0]
lc-only/26182_29130.mp4,[0 1 0]
lc-only/27248_30438.mp4,[0 0 1]
lc-only/15_218.mp4,[0 1 0]
lc-only/15_559.mp4,[0 0 1]
lc-only/632_668.mp4,[0 0 1]
lc-only/876_1039.mp4,[0 0 1]
lc-only/876_1066.mp4,[0 0 1]
lc-only/2213_1978.mp4,[0 1 0]
lc-only/2299_2044.mp4,[0 0 1]
lc-only/2494_2193.mp4,[0 0 1]
lc-only/2810_2591.mp4,[0 1 0]
lc-only/3630_3479.mp4,[0 1 0]
lc-only/3807_3929.mp4,[0 1 0]
lc-only/4588_4708.mp4,[0 0 1]
lc-only/4791_4969.mp4,[0 1 0]
lc-only/4781_4981.mp4,[0 1 0]
lc-only/5150_5313.mp4,[0 1 0]
lc-only/5356_5684.mp4,[0 1 0]
lc-only/5685_5829.mp4,[0 0 1]
lc-only/5702_5834.mp4,[0 0 1]
lc-only/7569_8274.mp4,[0 1 0]
lc-only/8183_8400.mp4,[0 1 0]
lc-only/7569_8433.mp4,[0 0 1]
lc-only/8337_8547.mp4,[0 1 0]
lc-only/10823_10433.mp4,[0 0 1]
lc-only/10823_10480.mp4,[0 1 0]
lc-only/10823_10553.mp4,[0 0 1]
lc-only/11377_10633.mp4,[0 1 0]
lc-only/11425_10681.mp4,[0 0 1]
lc-only/11441_10905.mp4,[0 1 0]
lc-only/11474_10926.mp4,[0 1 0]
lc-only/12424_11524.mp4,[0 1 0]
lc-only/12368_11518.mp4,[0 1 0]
lc-only/3377_4421.mp4,[0 1 0]
lc-only/4060_5122.mp4,[0 0 1]
lc-only/4060_5590.mp4,[0 1 0]
lc-only/5464_6223.mp4,[0 0 1]
lc-only/5524_6249.mp4,[0 1 0]
lc-only/5647_6341.mp4,[0 1 0]
lc-only/6255_6930.mp4,[0 1 0]
lc-only/6255_7159.mp4,[0 0 1]
lc-only/6458_7201.mp4,[0 0 1]
lc-only/6458_7452.mp4,[0 1 0]
lc-only/6909_7603.mp4,[0 1 0]
lc-only/8035_8786.mp4,[0 0 1]
lc-only/8846_9431.mp4,[0 0 1]
lc-only/8852_9434.mp4,[0 0 1]
lc-only/9412_10194.mp4,[0 1 0]
lc-only/9593_10966.mp4,[0 1 0]
lc-only/9934_11846.mp4,[0 1 0]
lc-only/9934_11871.mp4,[0 0 1]
lc-only/9973_11997.mp4,[0 0 1]
lc-only/10202_12297.mp4,[0 0 1]
lc-only/10373_12500.mp4,[0 0 1]
lc-only/10623_13191.mp4,[0 1 0]
lc-only/10623_13297.mp4,[0 0 1]
lc-only/10749_13738.mp4,[0 1 0]
lc-only/10749_13811.mp4,[0 1 0]
lc-only/10801_13959.mp4,[0 0 1]
lc-only/10801_14205.mp4,[0 1 0]
lc-only/10951_14484.mp4,[0 1 0]
lc-only/11829_17170.mp4,[0 1 0]
lc-only/12610_18313.mp4,[0 0 1]
lc-only/13029_18430.mp4,[0 0 1]
lc-only/13029_18572.mp4,[0 1 0]
lc-only/13622_19098.mp4,[0 1 0]
lc-only/13622_19169.mp4,[0 0 1]
lc-only/13809_19442.mp4,[0 1 0]
lc-only/13960_20067.mp4,[0 0 1]
lc-only/14178_20164.mp4,[0 0 1]
lc-only/14265_20202.mp4,[0 0 1]
lc-only/3377_4421.mp4,[0 1 0]
lc-only/4060_5122.mp4,[0 0 1]
lc-only/4060_5590.mp4,[0 1 0]
lc-only/5464_6223.mp4,[0 0 1]
lc-only/5524_6249.mp4,[0 1 0]
lc-only/5647_6341.mp4,[0 1 0]
lc-only/6255_6930.mp4,[0 1 0]
lc-only/6255_7159.mp4,[0 0 1]
lc-only/6458_7201.mp4,[0 0 1]
lc-only/6458_7452.mp4,[0 1 0]
lc-only/6909_7603.mp4,[0 1 0]
lc-only/8035_8786.mp4,[0 0 1]
lc-only/8846_9431.mp4,[0 0 1]
lc-only/8852_9434.mp4,[0 0 1]
lc-only/9412_10194.mp4,[0 1 0]
lc-only/9593_10966.mp4,[0 1 0]
lc-only/9934_11846.mp4,[0 1 0]
lc-only/9934_11871.mp4,[0 0 1]
lc-only/9973_11997.mp4,[0 0 1]
lc-only/10202_12297.mp4,[0 0 1]
lc-only/10373_12500.mp4,[0 0 1]
lc-only/10623_13191.mp4,[0 1 0]
lc-only/10623_13297.mp4,[0 0 1]
lc-only/10749_13738.mp4,[0 1 0]
lc-only/10749_13811.mp4,[0 1 0]
lc-only/10801_13959.mp4,[0 0 1]
lc-only/10801_14205.mp4,[0 1 0]
lc-only/10951_14484.mp4,[0 1 0]
lc-only/11829_17170.mp4,[0 1 0]
lc-only/12610_18313.mp4,[0 0 1]
lc-only/13029_18430.mp4,[0 0 1]
lc-only/13029_18572.mp4,[0 1 0]
lc-only/13622_19098.mp4,[0 1 0]
lc-only/13622_19169.mp4,[0 0 1]
lc-only/13809_19442.mp4,[0 1 0]
lc-only/13960_20067.mp4,[0 0 1]
lc-only/14178_20164.mp4,[0 0 1]
lc-only/14265_20202.mp4,[0 0 1]
lc-only/704_2726.mp4,[0 1 0]
lc-only/747_2819.mp4,[0 1 0]
lc-only/841_2940.mp4,[0 0 1]
lc-only/747_2984.mp4,[0 0 1]
lc-only/1087_3501.mp4,[0 0 1]
lc-only/1087_3662.mp4,[0 0 1]
lc-only/3353_5541.mp4,[0 0 1]
lc-only/3353_5766.mp4,[0 0 1]
lc-only/4151_6211.mp4,[0 1 0]
lc-only/4520_6879.mp4,[0 0 1]
lc-only/4690_7216.mp4,[0 1 0]
lc-only/4740_7291.mp4,[0 0 1]
lc-only/5379_8624.mp4,[0 0 1]
lc-only/5532_8926.mp4,[0 0 1]
lc-only/5967_9607.mp4,[0 0 1]
lc-only/6598_10461.mp4,[0 0 1]
lc-only/6598_10706.mp4,[0 0 1]
lc-only/7104_11108.mp4,[0 1 0]
lc-only/7435_12279.mp4,[0 1 0]
lc-only/8099_12737.mp4,[0 1 0]
lc-only/8912_13505.mp4,[0 0 1]
lc-only/8805_13620.mp4,[0 0 1]
lc-only/10252_14767.mp4,[0 1 0]
lc-only/10980_15660.mp4,[0 0 1]
lc-only/11340_16077.mp4,[0 0 1]
lc-only/11504_16156.mp4,[0 0 1]
lc-only/12034_16619.mp4,[0 0 1]
lc-only/12034_16695.mp4,[0 1 0]
lc-only/12172_16730.mp4,[0 1 0]
lc-only/12172_16946.mp4,[0 0 1]
lc-only/12312_16998.mp4,[0 0 1]
lc-only/12628_17346.mp4,[0 1 0]
lc-only/1045_1402.mp4,[0 1 0]
lc-only/1045_1564.mp4,[0 0 1]
lc-only/1472_1693.mp4,[0 0 1]
lc-only/2341_2301.mp4,[0 0 1]
lc-only/2673_2568.mp4,[0 0 1]
lc-only/2785_2694.mp4,[0 0 1]
lc-only/3051_2911.mp4,[0 0 1]
lc-only/3190_3058.mp4,[0 1 0]
lc-only/3190_3149.mp4,[0 1 0]
lc-only/3179_3157.mp4,[0 0 1]
lc-only/4793_5189.mp4,[0 1 0]
lc-only/4793_5218.mp4,[0 0 1]
lc-only/5027_5318.mp4,[0 1 0]
lc-only/5076_5597.mp4,[0 0 1]
lc-only/5027_6197.mp4,[0 0 1]
lc-only/5813_6327.mp4,[0 0 1]
lc-only/5896_6454.mp4,[0 0 1]
lc-only/6316_6872.mp4,[0 0 1]
lc-only/7047_7681.mp4,[0 1 0]
lc-only/7170_7707.mp4,[0 1 0]
lc-only/7302_7737.mp4,[0 0 1]
lc-only/7468_7859.mp4,[0 1 0]
lc-only/7468_8251.mp4,[0 1 0]
lc-only/7816_8269.mp4,[0 0 1]
lc-only/7965_8665.mp4,[0 0 1]
lc-only/9006_9505.mp4,[0 0 1]
lc-only/9295_9744.mp4,[0 0 1]
lc-only/10406_10546.mp4,[0 0 1]
lc-only/9957_10546.mp4,[0 0 1]
lc-only/10406_10701.mp4,[0 0 1]
lc-only/10618_10766.mp4,[0 1 0]
lc-only/10650_10808.mp4,[0 0 1]
lc-only/10959_11320.mp4,[0 0 1]
lc-only/11943_11802.mp4,[0 0 1]
lc-only/10422_12308.mp4,[0 0 1]
lc-only/13359_13162.mp4,[0 0 1]
lc-only/13486_13333.mp4,[0 0 1]
lc-only/13501_13319.mp4,[0 0 1]
lc-only/13968_13792.mp4,[0 1 0]
lc-only/13861_13806.mp4,[0 1 0]
lc-only/14033_13968.mp4,[0 1 0]
lc-only/14649_14443.mp4,[0 0 1]
lc-only/14740_14518.mp4,[0 0 1]
lc-only/14651_14810.mp4,[0 0 1]
lc-only/15590_15254.mp4,[0 0 1]
lc-only/15637_15284.mp4,[0 0 1]
lc-only/15687_15358.mp4,[0 0 1]
lc-only/15763_15462.mp4,[0 0 1]
lc-only/15941_15622.mp4,[0 0 1]
lc-only/15941_15754.mp4,[0 0 1]
lc-only/16020_15839.mp4,[0 0 1]
lc-only/17116_16747.mp4,[0 0 1]
lc-only/18133_17538.mp4,[0 0 1]
lc-only/19018_18311.mp4,[0 0 1]
lc-only/19375_18376.mp4,[0 1 0]
lc-only/19018_18487.mp4,[0 1 0]
lc-only/19375_18522.mp4,[0 1 0]
lc-only/19602_18617.mp4,[0 1 0]
lc-only/19644_18723.mp4,[0 0 1]
lc-only/19714_18831.mp4,[0 1 0]
lc-only/19853_19024.mp4,[0 1 0]
lc-only/19853_19130.mp4,[0 1 0]
lc-only/21161_20263.mp4,[0 0 1]
lc-only/21838_21188.mp4,[0 0 1]
lc-only/22241_21219.mp4,[0 0 1]
lc-only/22725_21740.mp4,[0 1 0]
lc-only/22928_21987.mp4,[0 0 1]
lc-only/23244_22294.mp4,[0 0 1]
lc-only/23345_22392.mp4,[0 0 1]
lc-only/23244_22495.mp4,[0 0 1]
lc-only/24216_22903.mp4,[0 0 1]
lc-only/24216_23048.mp4,[0 0 1]
lc-only/24925_23501.mp4,[0 1 0]
lc-only/25386_24085.mp4,[0 0 1]
lc-only/25660_24420.mp4,[0 0 1]
lc-only/26027_24911.mp4,[0 0 1]
lc-only/26027_25200.mp4,[0 1 0]
lc-only/26301_25362.mp4,[0 0 1]
lc-only/26060_25792.mp4,[0 0 1]
lc-only/26613_25912.mp4,[0 0 1]
lc-only/26650_25998.mp4,[0 0 1]
lc-only/27019_26565.mp4,[0 0 1]
lc-only/27143_26646.mp4,[0 0 1]
lc-only/27143_26762.mp4,[0 0 1]
lc-only/27382_27053.mp4,[0 0 1]
lc-only/27414_27137.mp4,[0 0 1]
lc-only/27569_27222.mp4,[0 0 1]
lc-only/27569_27345.mp4,[0 1 0]
lc-only/28470_28318.mp4,[0 0 1]
lc-only/28630_28488.mp4,[0 0 1]
lc-only/28788_28725.mp4,[0 0 1]
lc-only/29489_29401.mp4,[0 0 1]
lc-only/29671_29592.mp4,[0 0 1]
lc-only/29774_29854.mp4,[0 1 0]
lc-only/29933_29915.mp4,[0 1 0]
lc-only/30294_30281.mp4,[0 0 1]
lc-only/30478_30539.mp4,[0 0 1]
lc-only/30540_31267.mp4,[0 0 1]
lc-only/30838_31757.mp4,[0 0 1]
lc-only/30882_31797.mp4,[0 0 1]
lc-only/31161_32524.mp4,[0 0 1]
lc-only/31279_32660.mp4,[0 1 0]
lc-only/31279_32725.mp4,[0 1 0]
lc-only/31328_32746.mp4,[0 0 1]
lc-only/31569_33018.mp4,[0 0 1]
lc-only/31759_33175.mp4,[0 0 1]
lc-only/31889_33255.mp4,[0 0 1]
lc-only/31909_33305.mp4,[0 1 0]
lc-only/2686_4810.mp4,[0 1 0]
lc-only/3006_5303.mp4,[0 1 0]
lc-only/2538_5600.mp4,[0 0 1]
lc-only/3503_5789.mp4,[0 0 1]
lc-only/3639_5925.mp4,[0 0 1]
lc-only/3503_5978.mp4,[0 0 1]
lc-only/4407_6511.mp4,[0 1 0]
lc-only/4583_6627.mp4,[0 1 0]
lc-only/4630_6704.mp4,[0 1 0]
lc-only/4859_7320.mp4,[0 1 0]
lc-only/4859_7648.mp4,[0 1 0]
lc-only/5564_7738.mp4,[0 1 0]
lc-only/5560_7756.mp4,[0 0 1]
lc-only/5710_7833.mp4,[0 0 1]
lc-only/5801_7915.mp4,[0 0 1]
lc-only/5993_8112.mp4,[0 1 0]
lc-only/6028_8154.mp4,[0 1 0]
lc-only/5991_8153.mp4,[0 1 0]
lc-only/6158_8246.mp4,[0 1 0]
lc-only/6252_8324.mp4,[0 1 0]
lc-only/6859_8885.mp4,[0 1 0]
lc-only/6931_9034.mp4,[0 0 1]
lc-only/6921_9258.mp4,[0 1 0]
lc-only/7243_9477.mp4,[0 0 1]
lc-only/7122_9471.mp4,[0 0 1]
lc-only/7424_9738.mp4,[0 0 1]
lc-only/7461_9837.mp4,[0 1 0]
lc-only/7875_10141.mp4,[0 0 1]
lc-only/7931_10223.mp4,[0 0 1]
lc-only/7999_10252.mp4,[0 0 1]
lc-only/8487_10811.mp4,[0 0 1]
lc-only/8780_10946.mp4,[0 0 1]
lc-only/10432_12150.mp4,[0 1 0]
lc-only/10522_12344.mp4,[0 0 1]
lc-only/10662_12452.mp4,[0 0 1]
lc-only/11093_12778.mp4,[0 0 1]
lc-only/11214_12895.mp4,[0 0 1]
lc-only/11523_13135.mp4,[0 0 1]
lc-only/13543_14738.mp4,[0 1 0]
lc-only/14076_15062.mp4,[0 1 0]
lc-only/14176_15160.mp4,[0 1 0]
lc-only/14160_15160.mp4,[0 0 1]
lc-only/15228_15881.mp4,[0 0 1]
lc-only/16570_16716.mp4,[0 1 0]
lc-only/16872_16955.mp4,[0 1 0]
lc-only/16872_17046.mp4,[0 1 0]
lc-only/17037_17152.mp4,[0 1 0]
lc-only/16915_17211.mp4,[0 1 0]
lc-only/17051_17273.mp4,[0 1 0]
lc-only/17249_17392.mp4,[0 1 0]
lc-only/17227_17406.mp4,[0 1 0]
lc-only/17404_17718.mp4,[0 1 0]
lc-only/17227_17809.mp4,[0 1 0]
lc-only/17619_17850.mp4,[0 0 1]
lc-only/17933_18040.mp4,[0 1 0]
lc-only/18374_18422.mp4,[0 1 0]
lc-only/18374_18502.mp4,[0 1 0]
lc-only/19048_19260.mp4,[0 1 0]
lc-only/20822_20123.mp4,[0 0 1]
lc-only/20299_20284.mp4,[0 0 1]
lc-only/20822_20258.mp4,[0 0 1]
lc-only/21291_20641.mp4,[0 1 0]
lc-only/21416_20663.mp4,[0 0 1]
lc-only/21477_20749.mp4,[0 1 0]
lc-only/21466_20780.mp4,[0 1 0]
lc-only/21510_20788.mp4,[0 0 1]
lc-only/21510_20981.mp4,[0 1 0]
lc-only/21926_21076.mp4,[0 1 0]
lc-only/22032_21099.mp4,[0 0 1]
lc-only/21966_21214.mp4,[0 1 0]
lc-only/22032_21188.mp4,[0 0 1]
lc-only/22385_21356.mp4,[0 0 1]
lc-only/22835_21579.mp4,[0 0 1]
lc-only/23646_21964.mp4,[0 0 1]
lc-only/23718_21998.mp4,[0 0 1]
lc-only/23781_22081.mp4,[0 1 0]
lc-only/23781_22203.mp4,[0 1 0]
lc-only/24007_22316.mp4,[0 0 1]
lc-only/24007_22477.mp4,[0 1 0]
lc-only/24302_22961.mp4,[0 0 1]
lc-only/24860_23377.mp4,[0 0 1]
lc-only/25139_23799.mp4,[0 0 1]
lc-only/25139_23954.mp4,[0 1 0]
lc-only/25280_24006.mp4,[0 0 1]
lc-only/25447_24568.mp4,[0 1 0]
lc-only/25832_24768.mp4,[0 0 1]
lc-only/26032_24986.mp4,[0 0 1]
lc-only/26228_25121.mp4,[0 0 1]
lc-only/26370_25283.mp4,[0 0 1]
lc-only/26603_26016.mp4,[0 1 0]
lc-only/28934_28069.mp4,[0 1 0]
lc-only/29410_28544.mp4,[0 0 1]
lc-only/29615_28664.mp4,[0 0 1]
lc-only/29773_28770.mp4,[0 0 1]
lc-only/29903_28858.mp4,[0 0 1]
lc-only/29967_29015.mp4,[0 0 1]
lc-only/30157_29117.mp4,[0 0 1]
lc-only/30157_29207.mp4,[0 1 0]
lc-only/30452_30020.mp4,[0 0 1]
lc-only/30469_30113.mp4,[0 0 1]
lc-only/30698_30461.mp4,[0 0 1]
lc-only/31084_31559.mp4,[0 1 0]
lc-only/31711_31812.mp4,[0 0 1]
lc-only/31887_31935.mp4,[0 1 0]
lc-only/882_962.mp4,[0 1 0]
lc-only/934_1006.mp4,[0 0 1]
lc-only/1277_1255.mp4,[0 0 1]
lc-only/1379_1330.mp4,[0 0 1]
lc-only/882_1428.mp4,[0 0 1]
lc-only/1510_1536.mp4,[0 1 0]
lc-only/2117_1877.mp4,[0 1 0]
lc-only/2042_1889.mp4,[0 1 0]
lc-only/2181_1939.mp4,[0 1 0]
lc-only/2214_2098.mp4,[0 1 0]
lc-only/2251_2164.mp4,[0 1 0]
lc-only/2286_2241.mp4,[0 1 0]
lc-only/2581_2268.mp4,[0 0 1]
lc-only/2643_2353.mp4,[0 0 1]
lc-only/2779_2468.mp4,[0 0 1]
lc-only/2995_2844.mp4,[0 0 1]
lc-only/2995_3029.mp4,[0 0 1]
lc-only/3811_3871.mp4,[0 0 1]
lc-only/1308_1594.mp4,[0 0 1]
lc-only/1528_1962.mp4,[0 0 1]
lc-only/1517_1970.mp4,[0 0 1]
lc-only/1476_2268.mp4,[0 0 1]
lc-only/1906_2319.mp4,[0 0 1]
lc-only/2978_3096.mp4,[0 0 1]
lc-only/4663_4676.mp4,[0 0 1]
lc-only/5334_5270.mp4,[0 1 0]
lc-only/5184_5298.mp4,[0 1 0]
lc-only/5334_5364.mp4,[0 0 1]
lc-only/6140_5797.mp4,[0 1 0]
lc-only/6947_6995.mp4,[0 1 0]
lc-only/7583_7090.mp4,[0 1 0]
lc-only/7583_7230.mp4,[0 1 0]
lc-only/7965_7430.mp4,[0 0 1]
lc-only/7583_7461.mp4,[0 0 1]
lc-only/8965_8117.mp4,[0 1 0]
lc-only/8965_8241.mp4,[0 1 0]
lc-only/8450_8353.mp4,[0 1 0]
lc-only/8450_8432.mp4,[0 0 1]
lc-only/8450_8492.mp4,[0 0 1]
lc-only/9915_9064.mp4,[0 0 1]
lc-only/9953_9136.mp4,[0 0 1]
lc-only/10446_9399.mp4,[0 0 1]
lc-only/8450_10199.mp4,[0 0 1]
lc-only/12959_11818.mp4,[0 1 0]
lc-only/12635_11905.mp4,[0 1 0]
lc-only/13290_12024.mp4,[0 0 1]
lc-only/13417_12259.mp4,[0 1 0]
lc-only/14120_12684.mp4,[0 0 1]
lc-only/13524_12719.mp4,[0 0 1]
lc-only/14331_12905.mp4,[0 0 1]
lc-only/14341_12956.mp4,[0 0 1]
lc-only/14960_13529.mp4,[0 0 1]
lc-only/15278_13924.mp4,[0 1 0]
lc-only/14782_14175.mp4,[0 0 1]
lc-only/16147_14929.mp4,[0 1 0]
lc-only/16596_15076.mp4,[0 0 1]
lc-only/16743_15268.mp4,[0 0 1]
lc-only/17819_16082.mp4,[0 0 1]
lc-only/18391_16444.mp4,[0 0 1]
lc-only/18391_16484.mp4,[0 1 0]
lc-only/18454_16477.mp4,[0 1 0]
lc-only/18484_16590.mp4,[0 1 0]
lc-only/18804_16924.mp4,[0 1 0]
lc-only/18901_17185.mp4,[0 0 1]
lc-only/19294_17296.mp4,[0 1 0]
lc-only/19294_17390.mp4,[0 0 1]
lc-only/19930_17883.mp4,[0 0 1]
lc-only/20874_18504.mp4,[0 1 0]
lc-only/20456_18523.mp4,[0 0 1]
lc-only/21004_18733.mp4,[0 0 1]
lc-only/21004_18751.mp4,[0 1 0]
lc-only/21004_18839.mp4,[0 1 0]
lc-only/21004_19098.mp4,[0 1 0]
lc-only/21552_19974.mp4,[0 0 1]
lc-only/22665_20215.mp4,[0 0 1]
lc-only/23030_20676.mp4,[0 0 1]
lc-only/22934_20694.mp4,[0 0 1]
lc-only/23658_21411.mp4,[0 1 0]
lc-only/24089_21876.mp4,[0 0 1]
lc-only/24188_22006.mp4,[0 0 1]
lc-only/24188_22114.mp4,[0 0 1]
lc-only/24021_22283.mp4,[0 1 0]
lc-only/23030_22337.mp4,[0 0 1]
lc-only/24021_22728.mp4,[0 0 1]
lc-only/25322_23113.mp4,[0 0 1]
lc-only/25531_23437.mp4,[0 0 1]
lc-only/25730_24023.mp4,[0 0 1]
lc-only/25979_24115.mp4,[0 0 1]
lc-only/25959_24225.mp4,[0 0 1]
lc-only/26107_24353.mp4,[0 0 1]
lc-only/26674_24914.mp4,[0 0 1]
lc-only/26732_25317.mp4,[0 1 0]
lc-only/27034_25328.mp4,[0 0 1]
lc-only/26732_25416.mp4,[0 0 1]
lc-only/27208_25604.mp4,[0 0 1]
lc-only/27396_25778.mp4,[0 0 1]
lc-only/27820_26188.mp4,[0 0 1]
lc-only/26732_26334.mp4,[0 1 0]
lc-only/28042_26624.mp4,[0 0 1]
lc-only/28529_27001.mp4,[0 1 0]
lc-only/28707_27223.mp4,[0 0 1]
lc-only/29060_27769.mp4,[0 1 0]
lc-only/29523_28728.mp4,[0 1 0]
lc-only/29574_28733.mp4,[0 0 1]
lc-only/30432_30115.mp4,[0 0 1]
lc-only/30432_30330.mp4,[0 0 1]
